acc_sum,block,block_c,change,condition,correct,correct_response,datetime,endtime,face,project,response,response_time,row_sel,session_number,start_end,starttime,subject_id,task,task_vers,trial
0,prac,1,,1-Back,,,Wed Oct 02 2024 11:23:11 GMT-0500 (Central Daylight Time),,050_m_f_n_a.png,O,space,6122,1,1,,,7023,NNB,A,0
1,prac,1,0.0,1-Back,1,m,Wed Oct 02 2024 11:23:11 GMT-0500 (Central Daylight Time),111590.0,063_y_f_n_a.png,O,m,1207,2,1,2053.4000000953674,109536.59999990463,7023,NNB,A,1
2,prac,1,1.0,1-Back,1,z,Wed Oct 02 2024 11:23:11 GMT-0500 (Central Daylight Time),113639.39999997616,063_y_f_n_a.png,O,z,1240,3,1,2012.1000000238419,111627.29999995232,7023,NNB,A,2
3,prac,1,0.0,1-Back,1,m,Wed Oct 02 2024 11:23:11 GMT-0500 (Central Daylight Time),115804.69999992847,053_o_m_n_a.png,O,m,890,4,1,2129.7999999523163,113674.89999997616,7023,NNB,A,3
4,prac,1,0.0,1-Back,1,m,Wed Oct 02 2024 11:23:11 GMT-0500 (Central Daylight Time),117821.19999992847,058_m_m_n_a.png,O,m,1182,5,1,1996.6999999284744,115824.5,7023,NNB,A,4
5,prac,1,1.0,1-Back,1,z,Wed Oct 02 2024 11:23:11 GMT-0500 (Central Daylight Time),119570.59999990463,058_m_m_n_a.png,O,z,951,6,1,1725.7999999523163,117844.79999995232,7023,NNB,A,5
6,prac,1,0.0,1-Back,1,m,Wed Oct 02 2024 11:23:11 GMT-0500 (Central Daylight Time),122019.79999995232,047_o_f_n_a.png,O,m,1299,7,1,2412.899999976158,119606.89999997616,7023,NNB,A,6
7,prac,1,0.0,1-Back,1,m,Wed Oct 02 2024 11:23:11 GMT-0500 (Central Daylight Time),124684.79999995232,045_m_m_n_a.png,O,m,1802,8,1,2640.2000000476837,122044.59999990463,7023,NNB,A,7
8,prac,1,0.0,1-Back,1,m,Wed Oct 02 2024 11:23:11 GMT-0500 (Central Daylight Time),126584.79999995232,050_m_f_n_a.png,O,m,1066,9,1,1888.6000000238419,124696.19999992847,7023,NNB,A,8
9,prac,1,1.0,1-Back,1,z,Wed Oct 02 2024 11:23:11 GMT-0500 (Central Daylight Time),128167.69999992847,050_m_f_n_a.png,O,z,785,10,1,1557.8999999761581,126609.79999995232,7023,NNB,A,9
10,prac,1,0.0,1-Back,1,m,Wed Oct 02 2024 11:23:11 GMT-0500 (Central Daylight Time),129733.19999992847,053_o_m_n_a.png,O,m,761,11,1,1539.0,128194.19999992847,7023,NNB,A,10
10,prac,1,0.0,1-Back,0,m,Wed Oct 02 2024 11:23:11 GMT-0500 (Central Daylight Time),131566.5,010_y_f_n_a.png,O,z,815,12,1,1796.8000000715256,129769.69999992847,7023,NNB,A,11
0,test,1,0.0,1-Back,,,Wed Oct 02 2024 11:23:11 GMT-0500 (Central Daylight Time),131566.5,063_y_f_n_a.png,O,space,7355,1,1,1796.8000000715256,129769.69999992847,7023,NNB,A,0
1,test,1,0.0,1-Back,1,m,Wed Oct 02 2024 11:23:11 GMT-0500 (Central Daylight Time),149160.79999995232,043_m_f_n_a.png,O,m,1070,2,1,2086.2999999523163,147074.5,7023,NNB,A,1
2,test,1,0.0,1-Back,1,m,Wed Oct 02 2024 11:23:11 GMT-0500 (Central Daylight Time),151160.19999992847,010_y_f_n_a.png,O,m,962,3,1,1972.6999999284744,149187.5,7023,NNB,A,2
3,test,1,1.0,1-Back,1,z,Wed Oct 02 2024 11:23:11 GMT-0500 (Central Daylight Time),153125.59999990463,010_y_f_n_a.png,O,z,913,4,1,1933.6999999284744,151191.89999997616,7023,NNB,A,3
4,test,1,0.0,1-Back,1,m,Wed Oct 02 2024 11:23:11 GMT-0500 (Central Daylight Time),154825.59999990463,043_m_f_n_a.png,O,m,660,5,1,1677.8999999761581,153147.69999992847,7023,NNB,A,4
5,test,1,0.0,1-Back,1,m,Wed Oct 02 2024 11:23:11 GMT-0500 (Central Daylight Time),156758.09999990463,053_o_m_n_a.png,O,m,889,6,1,1903.5999999046326,154854.5,7023,NNB,A,5
6,test,1,1.0,1-Back,1,z,Wed Oct 02 2024 11:23:11 GMT-0500 (Central Daylight Time),158623.89999997616,053_o_m_n_a.png,O,z,828,7,1,1840.3999999761581,156783.5,7023,NNB,A,6
7,test,1,0.0,1-Back,1,m,Wed Oct 02 2024 11:23:11 GMT-0500 (Central Daylight Time),160390.09999990463,058_m_m_n_a.png,O,m,729,8,1,1745.0,158645.09999990463,7023,NNB,A,7
8,test,1,0.0,1-Back,1,m,Wed Oct 02 2024 11:23:11 GMT-0500 (Central Daylight Time),162223.0,047_o_f_n_a.png,O,m,789,9,1,1817.4000000953674,160405.59999990463,7023,NNB,A,8
9,test,1,0.0,1-Back,1,m,Wed Oct 02 2024 11:23:11 GMT-0500 (Central Daylight Time),163939.0,058_m_m_n_a.png,O,m,667,10,1,1687.2000000476837,162251.79999995232,7023,NNB,A,9
10,test,1,0.0,1-Back,1,m,Wed Oct 02 2024 11:23:11 GMT-0500 (Central Daylight Time),165721.89999997616,041_y_m_n_a.png,O,m,743,11,1,1754.1000000238419,163967.79999995232,7023,NNB,A,10
11,test,1,1.0,1-Back,1,z,Wed Oct 02 2024 11:23:11 GMT-0500 (Central Daylight Time),167687.89999997616,041_y_m_n_a.png,O,z,921,12,1,1939.5,165748.39999997616,7023,NNB,A,11
12,test,1,0.0,1-Back,1,m,Wed Oct 02 2024 11:23:11 GMT-0500 (Central Daylight Time),169404.5,044_o_f_n_a.png,O,m,682,13,1,1688.1000000238419,167716.39999997616,7023,NNB,A,12
13,test,1,1.0,1-Back,1,z,Wed Oct 02 2024 11:23:11 GMT-0500 (Central Daylight Time),171570.09999990463,044_o_f_n_a.png,O,z,1118,14,1,2135.5999999046326,169434.5,7023,NNB,A,13
14,test,1,0.0,1-Back,1,m,Wed Oct 02 2024 11:23:11 GMT-0500 (Central Daylight Time),173635.89999997616,008_y_m_n_a.png,O,m,1024,15,1,2038.7000000476837,171597.19999992847,7023,NNB,A,14
15,test,1,0.0,1-Back,1,m,Wed Oct 02 2024 11:23:11 GMT-0500 (Central Daylight Time),175452.5,050_m_f_n_a.png,O,m,782,16,1,1788.2000000476837,173664.29999995232,7023,NNB,A,15
16,test,1,0.0,1-Back,1,m,Wed Oct 02 2024 11:23:11 GMT-0500 (Central Daylight Time),177184.69999992847,046_o_m_n_a.png,O,m,694,17,1,1711.6999999284744,175473.0,7023,NNB,A,16
17,test,1,0.0,1-Back,1,m,Wed Oct 02 2024 11:23:11 GMT-0500 (Central Daylight Time),178900.39999997616,050_m_f_n_a.png,O,m,672,18,1,1690.3000000715256,177210.09999990463,7023,NNB,A,17
0,test,2,0.0,1-Back,,,Wed Oct 02 2024 11:23:11 GMT-0500 (Central Daylight Time),178900.39999997616,058_m_m_n_a.png,O,space,2559,1,1,1690.3000000715256,177210.09999990463,7023,NNB,A,0
1,test,2,0.0,1-Back,1,m,Wed Oct 02 2024 11:23:11 GMT-0500 (Central Daylight Time),185432.19999992847,043_m_f_n_a.png,O,m,820,2,1,1849.0,183583.19999992847,7023,NNB,A,1
2,test,2,1.0,1-Back,1,z,Wed Oct 02 2024 11:23:11 GMT-0500 (Central Daylight Time),187197.39999997616,043_m_f_n_a.png,O,z,729,3,1,1739.1000000238419,185458.29999995232,7023,NNB,A,2
3,test,2,0.0,1-Back,1,m,Wed Oct 02 2024 11:23:11 GMT-0500 (Central Daylight Time),188881.0,058_m_m_n_a.png,O,m,660,4,1,1675.2000000476837,187205.79999995232,7023,NNB,A,3
4,test,2,0.0,1-Back,1,m,Wed Oct 02 2024 11:23:11 GMT-0500 (Central Daylight Time),190813.39999997616,041_y_m_n_a.png,O,m,897,5,1,1904.8999999761581,188908.5,7023,NNB,A,4
5,test,2,0.0,1-Back,1,m,Wed Oct 02 2024 11:23:11 GMT-0500 (Central Daylight Time),192512.69999992847,063_y_f_n_a.png,O,m,652,6,1,1669.2999999523163,190843.39999997616,7023,NNB,A,5
6,test,2,1.0,1-Back,1,z,Wed Oct 02 2024 11:23:11 GMT-0500 (Central Daylight Time),194329.19999992847,063_y_f_n_a.png,O,z,770,7,1,1799.7999999523163,192529.39999997616,7023,NNB,A,6
7,test,2,0.0,1-Back,1,m,Wed Oct 02 2024 11:23:11 GMT-0500 (Central Daylight Time),196061.5,041_y_m_n_a.png,O,m,690,8,1,1701.9000000953674,194359.59999990463,7023,NNB,A,7
8,test,2,0.0,1-Back,1,m,Wed Oct 02 2024 11:23:11 GMT-0500 (Central Daylight Time),198144.59999990463,044_o_f_n_a.png,O,m,1036,9,1,2066.0,196078.59999990463,7023,NNB,A,8
9,test,2,0.0,1-Back,1,m,Wed Oct 02 2024 11:23:11 GMT-0500 (Central Daylight Time),199777.29999995232,045_m_m_n_a.png,O,m,577,10,1,1601.1000000238419,198176.19999992847,7023,NNB,A,9
10,test,2,1.0,1-Back,1,z,Wed Oct 02 2024 11:23:11 GMT-0500 (Central Daylight Time),201660.09999990463,045_m_m_n_a.png,O,z,841,11,1,1858.0999999046326,199802.0,7023,NNB,A,10
11,test,2,0.0,1-Back,1,m,Wed Oct 02 2024 11:23:11 GMT-0500 (Central Daylight Time),203376.19999992847,044_o_f_n_a.png,O,m,678,12,1,1688.1000000238419,201688.09999990463,7023,NNB,A,11
12,test,2,0.0,1-Back,1,m,Wed Oct 02 2024 11:23:11 GMT-0500 (Central Daylight Time),205492.09999990463,047_o_f_n_a.png,O,m,1066,13,1,2091.0,203401.09999990463,7023,NNB,A,12
13,test,2,0.0,1-Back,1,m,Wed Oct 02 2024 11:23:11 GMT-0500 (Central Daylight Time),207275.0,053_o_m_n_a.png,O,m,742,14,1,1752.1000000238419,205522.89999997616,7023,NNB,A,13
14,test,2,0.0,1-Back,1,m,Wed Oct 02 2024 11:23:11 GMT-0500 (Central Daylight Time),209041.09999990463,046_o_m_n_a.png,O,m,728,15,1,1740.3999999761581,207300.69999992847,7023,NNB,A,14
15,test,2,1.0,1-Back,1,z,Wed Oct 02 2024 11:23:11 GMT-0500 (Central Daylight Time),210857.09999990463,046_o_m_n_a.png,O,z,777,16,1,1787.1999999284744,209069.89999997616,7023,NNB,A,15
16,test,2,0.0,1-Back,1,m,Wed Oct 02 2024 11:23:11 GMT-0500 (Central Daylight Time),212823.09999990463,008_y_m_n_a.png,O,m,929,17,1,1936.6999999284744,210886.39999997616,7023,NNB,A,16
17,test,2,1.0,1-Back,1,z,Wed Oct 02 2024 11:23:11 GMT-0500 (Central Daylight Time),215238.89999997616,008_y_m_n_a.png,O,z,1371,18,1,2389.8000000715256,212849.09999990463,7023,NNB,A,17
0,test,3,1.0,1-Back,,,Wed Oct 02 2024 11:23:11 GMT-0500 (Central Daylight Time),215238.89999997616,010_y_f_n_a.png,O,space,1124,1,1,2389.8000000715256,212849.09999990463,7023,NNB,A,0
1,test,3,0.0,1-Back,1,m,Wed Oct 02 2024 11:23:11 GMT-0500 (Central Daylight Time),220404.09999990463,046_o_m_n_a.png,O,m,866,2,1,1886.5999999046326,218517.5,7023,NNB,A,1
2,test,3,1.0,1-Back,1,z,Wed Oct 02 2024 11:23:11 GMT-0500 (Central Daylight Time),222203.19999992847,046_o_m_n_a.png,O,z,750,3,1,1769.6999999284744,220433.5,7023,NNB,A,2
3,test,3,0.0,1-Back,1,m,Wed Oct 02 2024 11:23:11 GMT-0500 (Central Daylight Time),223969.5,050_m_f_n_a.png,O,m,720,4,1,1735.5,222234.0,7023,NNB,A,3
4,test,3,1.0,1-Back,1,z,Wed Oct 02 2024 11:23:11 GMT-0500 (Central Daylight Time),226135.29999995232,050_m_f_n_a.png,O,z,1129,5,1,2136.7999999523163,223998.5,7023,NNB,A,4
5,test,3,0.0,1-Back,1,m,Wed Oct 02 2024 11:23:11 GMT-0500 (Central Daylight Time),228001.29999995232,044_o_f_n_a.png,O,m,818,6,1,1835.7000000476837,226165.59999990463,7023,NNB,A,5
6,test,3,0.0,1-Back,1,m,Wed Oct 02 2024 11:23:11 GMT-0500 (Central Daylight Time),229917.39999997616,041_y_m_n_a.png,O,m,873,7,1,1895.6000000238419,228021.79999995232,7023,NNB,A,6
7,test,3,0.0,1-Back,1,m,Wed Oct 02 2024 11:23:11 GMT-0500 (Central Daylight Time),232166.79999995232,044_o_f_n_a.png,O,m,1213,8,1,2220.100000023842,229946.69999992847,7023,NNB,A,7
8,test,3,0.0,1-Back,1,m,Wed Oct 02 2024 11:23:11 GMT-0500 (Central Daylight Time),234182.69999992847,008_y_m_n_a.png,O,m,972,9,1,1986.0,232196.69999992847,7023,NNB,A,8
8,test,3,1.0,1-Back,0,z,Wed Oct 02 2024 11:23:11 GMT-0500 (Central Daylight Time),236648.69999992847,008_y_m_n_a.png,O,m,1428,10,1,2440.1999999284744,234208.5,7023,NNB,A,9
9,test,3,0.0,1-Back,1,m,Wed Oct 02 2024 11:23:11 GMT-0500 (Central Daylight Time),238548.19999992847,043_m_f_n_a.png,O,m,858,11,1,1876.0,236672.19999992847,7023,NNB,A,10
10,test,3,0.0,1-Back,1,m,Wed Oct 02 2024 11:23:11 GMT-0500 (Central Daylight Time),240780.69999992847,063_y_f_n_a.png,O,m,1190,12,1,2202.7999999523163,238577.89999997616,7023,NNB,A,11
11,test,3,1.0,1-Back,1,z,Wed Oct 02 2024 11:23:11 GMT-0500 (Central Daylight Time),242529.69999992847,063_y_f_n_a.png,O,z,710,13,1,1721.1999999284744,240808.5,7023,NNB,A,12
12,test,3,0.0,1-Back,1,m,Wed Oct 02 2024 11:23:11 GMT-0500 (Central Daylight Time),244295.59999990463,043_m_f_n_a.png,O,m,719,14,1,1743.0,242552.59999990463,7023,NNB,A,13
13,test,3,0.0,1-Back,1,m,Wed Oct 02 2024 11:23:11 GMT-0500 (Central Daylight Time),246628.5,058_m_m_n_a.png,O,m,1283,15,1,2303.9000000953674,244324.59999990463,7023,NNB,A,14
14,test,3,1.0,1-Back,1,z,Wed Oct 02 2024 11:23:11 GMT-0500 (Central Daylight Time),248610.79999995232,058_m_m_n_a.png,O,z,933,16,1,1953.1000000238419,246657.69999992847,7023,NNB,A,15
15,test,3,0.0,1-Back,1,m,Wed Oct 02 2024 11:23:11 GMT-0500 (Central Daylight Time),250360.5,047_o_f_n_a.png,O,m,728,17,1,1740.8000000715256,248619.69999992847,7023,NNB,A,16
16,test,3,1.0,1-Back,1,z,Wed Oct 02 2024 11:23:11 GMT-0500 (Central Daylight Time),252360.09999990463,047_o_f_n_a.png,O,z,954,18,1,1982.2999999523163,250377.79999995232,7023,NNB,A,17
0,test,4,1.0,1-Back,,,Wed Oct 02 2024 11:23:11 GMT-0500 (Central Daylight Time),252360.09999990463,050_m_f_n_a.png,O,space,969,1,1,1982.2999999523163,250377.79999995232,7023,NNB,A,0
1,test,4,0.0,1-Back,1,m,Wed Oct 02 2024 11:23:11 GMT-0500 (Central Daylight Time),257258.39999997616,046_o_m_n_a.png,O,m,826,2,1,1841.8999999761581,255416.5,7023,NNB,A,1
2,test,4,0.0,1-Back,1,m,Wed Oct 02 2024 11:23:11 GMT-0500 (Central Daylight Time),259007.89999997616,050_m_f_n_a.png,O,m,687,3,1,1717.5,257290.39999997616,7023,NNB,A,2
3,test,4,0.0,1-Back,1,m,Wed Oct 02 2024 11:23:11 GMT-0500 (Central Daylight Time),260707.29999995232,044_o_f_n_a.png,O,m,658,4,1,1669.8999999761581,259037.39999997616,7023,NNB,A,3
4,test,4,1.0,1-Back,1,z,Wed Oct 02 2024 11:23:11 GMT-0500 (Central Daylight Time),262407.1999999285,044_o_f_n_a.png,O,z,664,5,1,1674.6000000238419,260732.59999990463,7023,NNB,A,4
5,test,4,0.0,1-Back,1,m,Wed Oct 02 2024 11:23:11 GMT-0500 (Central Daylight Time),264122.89999997616,063_y_f_n_a.png,O,m,667,6,1,1686.3000000715256,262436.59999990463,7023,NNB,A,5
6,test,4,0.0,1-Back,1,m,Wed Oct 02 2024 11:23:11 GMT-0500 (Central Daylight Time),266038.2999999523,041_y_m_n_a.png,O,m,878,7,1,1889.5,264148.7999999523,7023,NNB,A,6
7,test,4,1.0,1-Back,1,z,Wed Oct 02 2024 11:23:11 GMT-0500 (Central Daylight Time),267788.7999999523,041_y_m_n_a.png,O,z,732,8,1,1741.6000000238419,266047.1999999285,7023,NNB,A,7
8,test,4,0.0,1-Back,1,m,Wed Oct 02 2024 11:23:11 GMT-0500 (Central Daylight Time),269604.39999997616,063_y_f_n_a.png,O,m,774,9,1,1792.7000000476837,267811.6999999285,7023,NNB,A,8
9,test,4,0.0,1-Back,1,m,Wed Oct 02 2024 11:23:11 GMT-0500 (Central Daylight Time),271503.59999990463,045_m_m_n_a.png,O,m,845,10,1,1867.1999999284744,269636.39999997616,7023,NNB,A,9
10,test,4,1.0,1-Back,1,z,Wed Oct 02 2024 11:23:11 GMT-0500 (Central Daylight Time),273153.1999999285,045_m_m_n_a.png,O,z,610,11,1,1629.5,271523.6999999285,7023,NNB,A,10
11,test,4,0.0,1-Back,1,m,Wed Oct 02 2024 11:23:11 GMT-0500 (Central Daylight Time),274902.7999999523,047_o_f_n_a.png,O,m,706,12,1,1722.5,273180.2999999523,7023,NNB,A,11
12,test,4,0.0,1-Back,1,m,Wed Oct 02 2024 11:23:11 GMT-0500 (Central Daylight Time),276835.39999997616,053_o_m_n_a.png,O,m,867,13,1,1902.1000000238419,274933.2999999523,7023,NNB,A,12
13,test,4,0.0,1-Back,1,m,Wed Oct 02 2024 11:23:11 GMT-0500 (Central Daylight Time),278651.2999999523,047_o_f_n_a.png,O,m,750,14,1,1783.5,276867.7999999523,7023,NNB,A,13
14,test,4,0.0,1-Back,1,m,Wed Oct 02 2024 11:23:11 GMT-0500 (Central Daylight Time),280317.2999999523,010_y_f_n_a.png,O,m,631,15,1,1635.8999999761581,278681.39999997616,7023,NNB,A,14
15,test,4,1.0,1-Back,1,z,Wed Oct 02 2024 11:23:11 GMT-0500 (Central Daylight Time),282133.39999997616,010_y_f_n_a.png,O,z,781,16,1,1786.6000000238419,280346.7999999523,7023,NNB,A,15
16,test,4,0.0,1-Back,1,m,Wed Oct 02 2024 11:23:11 GMT-0500 (Central Daylight Time),283849.6999999285,043_m_f_n_a.png,O,m,660,17,1,1674.5,282175.1999999285,7023,NNB,A,16
16,test,4,1.0,1-Back,0,z,Wed Oct 02 2024 11:23:11 GMT-0500 (Central Daylight Time),285732.5,043_m_f_n_a.png,O,m,824,18,1,1850.7000000476837,283881.7999999523,7023,NNB,A,17
0,test,5,1.0,1-Back,,,Wed Oct 02 2024 11:23:11 GMT-0500 (Central Daylight Time),285732.5,053_o_m_n_a.png,O,space,910,1,1,1850.7000000476837,283881.7999999523,7023,NNB,A,0
1,test,5,1.0,1-Back,1,z,Wed Oct 02 2024 11:23:11 GMT-0500 (Central Daylight Time),290847.5,053_o_m_n_a.png,O,z,1145,2,1,2156.8000000715256,288690.6999999285,7023,NNB,A,1
2,test,5,0.0,1-Back,1,m,Wed Oct 02 2024 11:23:11 GMT-0500 (Central Daylight Time),292829.89999997616,063_y_f_n_a.png,O,m,939,3,1,1953.3000000715256,290876.59999990463,7023,NNB,A,2
3,test,5,0.0,1-Back,1,m,Wed Oct 02 2024 11:23:11 GMT-0500 (Central Daylight Time),294679.2999999523,041_y_m_n_a.png,O,m,812,4,1,1820.1000000238419,292859.1999999285,7023,NNB,A,3
4,test,5,0.0,1-Back,1,m,Wed Oct 02 2024 11:23:11 GMT-0500 (Central Daylight Time),296412.39999997616,063_y_f_n_a.png,O,m,691,5,1,1713.5,294698.89999997616,7023,NNB,A,4
5,test,5,0.0,1-Back,1,m,Wed Oct 02 2024 11:23:11 GMT-0500 (Central Daylight Time),298211.59999990463,058_m_m_n_a.png,O,m,733,6,1,1766.1999999284744,296445.39999997616,7023,NNB,A,5
6,test,5,1.0,1-Back,1,z,Wed Oct 02 2024 11:23:11 GMT-0500 (Central Daylight Time),300279.09999990463,058_m_m_n_a.png,O,z,1034,7,1,2037.0999999046326,298242.0,7023,NNB,A,6
7,test,5,0.0,1-Back,1,m,Wed Oct 02 2024 11:23:11 GMT-0500 (Central Daylight Time),302027.09999990463,010_y_f_n_a.png,O,m,701,8,1,1725.0999999046326,300302.0,7023,NNB,A,7
8,test,5,0.0,1-Back,1,m,Wed Oct 02 2024 11:23:11 GMT-0500 (Central Daylight Time),304076.0,008_y_m_n_a.png,O,m,1015,9,1,2019.1000000238419,302056.89999997616,7023,NNB,A,8
9,test,5,0.0,1-Back,1,m,Wed Oct 02 2024 11:23:11 GMT-0500 (Central Daylight Time),305908.6999999285,010_y_f_n_a.png,O,m,814,10,1,1824.0,304084.6999999285,7023,NNB,A,9
10,test,5,0.0,1-Back,1,m,Wed Oct 02 2024 11:23:11 GMT-0500 (Central Daylight Time),307675.09999990463,047_o_f_n_a.png,O,m,725,11,1,1746.0,305929.09999990463,7023,NNB,A,10
11,test,5,1.0,1-Back,1,z,Wed Oct 02 2024 11:23:11 GMT-0500 (Central Daylight Time),309441.0,047_o_f_n_a.png,O,z,718,12,1,1745.4000000953674,307695.59999990463,7023,NNB,A,11
12,test,5,0.0,1-Back,1,m,Wed Oct 02 2024 11:23:11 GMT-0500 (Central Daylight Time),311090.7999999523,046_o_m_n_a.png,O,m,609,13,1,1629.0,309461.7999999523,7023,NNB,A,12
13,test,5,0.0,1-Back,1,m,Wed Oct 02 2024 11:23:11 GMT-0500 (Central Daylight Time),313189.89999997616,050_m_f_n_a.png,O,m,1047,14,1,2067.0,311122.89999997616,7023,NNB,A,13
14,test,5,1.0,1-Back,1,z,Wed Oct 02 2024 11:23:11 GMT-0500 (Central Daylight Time),314988.89999997616,050_m_f_n_a.png,O,z,763,15,1,1768.6000000238419,313220.2999999523,7023,NNB,A,14
15,test,5,0.0,1-Back,1,m,Wed Oct 02 2024 11:23:11 GMT-0500 (Central Daylight Time),316722.2999999523,046_o_m_n_a.png,O,m,701,16,1,1725.0,314997.2999999523,7023,NNB,A,15
16,test,5,0.0,1-Back,1,m,Wed Oct 02 2024 11:23:11 GMT-0500 (Central Daylight Time),319104.59999990463,043_m_f_n_a.png,O,m,1328,17,1,2347.5999999046326,316757.0,7023,NNB,A,16
17,test,5,0.0,1-Back,1,m,Wed Oct 02 2024 11:23:11 GMT-0500 (Central Daylight Time),321070.89999997616,045_m_m_n_a.png,O,m,929,18,1,1948.3000000715256,319122.59999990463,7023,NNB,A,17
0,prac,1,0.0,2-Back,,,Wed Oct 02 2024 11:23:11 GMT-0500 (Central Daylight Time),321070.89999997616,008_y_m_n_a.png,O,space,10187,1,1,1948.3000000715256,319122.59999990463,7023,NNB,A,0
0,prac,1,0.0,2-Back,,,Wed Oct 02 2024 11:23:11 GMT-0500 (Central Daylight Time),321070.89999997616,043_m_f_n_a.png,O,space,10187,2,1,1948.3000000715256,319122.59999990463,7023,NNB,A,0
0,prac,1,1.0,2-Back,0,m,Wed Oct 02 2024 11:23:11 GMT-0500 (Central Daylight Time),421587.89999997616,046_o_m_n_a.png,O,None,2005,3,1,2910.8000000715256,418677.09999990463,7023,NNB,A,1
1,prac,1,0.0,2-Back,1,m,Wed Oct 02 2024 11:23:11 GMT-0500 (Central Daylight Time),424519.7999999523,047_o_f_n_a.png,O,m,1971,4,1,2896.600000023842,421623.1999999285,7023,NNB,A,2
1,prac,1,0.0,2-Back,0,z,Wed Oct 02 2024 11:23:11 GMT-0500 (Central Daylight Time),426886.09999990463,046_o_m_n_a.png,O,m,1530,5,1,2352.0999999046326,424534.0,7023,NNB,A,3
1,prac,1,1.0,2-Back,0,z,Wed Oct 02 2024 11:23:11 GMT-0500 (Central Daylight Time),429784.5,047_o_f_n_a.png,O,None,2002,6,1,2860.600000023842,426923.89999997616,7023,NNB,A,4
2,prac,1,0.0,2-Back,1,m,Wed Oct 02 2024 11:23:11 GMT-0500 (Central Daylight Time),431851.2999999523,045_m_m_n_a.png,O,m,1188,7,1,2055.2999999523163,429796.0,7023,NNB,A,5
2,prac,1,0.0,2-Back,0,m,Wed Oct 02 2024 11:23:11 GMT-0500 (Central Daylight Time),433984.0,053_o_m_n_a.png,O,z,1238,8,1,2102.0,431882.0,7023,NNB,A,6
2,prac,1,0.0,2-Back,0,m,Wed Oct 02 2024 11:23:11 GMT-0500 (Central Daylight Time),436607.6999999285,010_y_f_n_a.png,O,z,1624,9,1,2594.2999999523163,434013.39999997616,7023,NNB,A,7
2,prac,1,1.0,2-Back,0,z,Wed Oct 02 2024 11:23:11 GMT-0500 (Central Daylight Time),438798.89999997616,053_o_m_n_a.png,O,m,1405,10,1,2176.7000000476837,436622.1999999285,7023,NNB,A,8
3,prac,1,0.0,2-Back,1,m,Wed Oct 02 2024 11:23:11 GMT-0500 (Central Daylight Time),441014.89999997616,063_y_f_n_a.png,O,m,1306,11,1,2175.399999976158,438839.5,7023,NNB,A,9
4,prac,1,0.0,2-Back,1,m,Wed Oct 02 2024 11:23:11 GMT-0500 (Central Daylight Time),443080.89999997616,045_m_m_n_a.png,O,m,1251,12,1,2024.3999999761581,441056.5,7023,NNB,A,10
0,prac,2,0.0,2-Back,,,Wed Oct 02 2024 11:23:11 GMT-0500 (Central Daylight Time),443080.89999997616,008_y_m_n_a.png,O,a,4442,1,1,2024.3999999761581,441056.5,7023,NNB,A,0
0,prac,2,0.0,2-Back,,,Wed Oct 02 2024 11:23:11 GMT-0500 (Central Daylight Time),443080.89999997616,043_m_f_n_a.png,O,a,4442,2,1,2024.3999999761581,441056.5,7023,NNB,A,0
1,prac,2,1.0,2-Back,1,m,Wed Oct 02 2024 11:23:11 GMT-0500 (Central Daylight Time),454877.1999999285,046_o_m_n_a.png,O,m,1203,3,1,2029.7999999523163,452847.39999997616,7023,NNB,A,1
2,prac,2,0.0,2-Back,1,m,Wed Oct 02 2024 11:23:11 GMT-0500 (Central Daylight Time),457209.59999990463,047_o_f_n_a.png,O,m,1416,4,1,2293.5999999046326,454916.0,7023,NNB,A,2
3,prac,2,0.0,2-Back,1,z,Wed Oct 02 2024 11:23:11 GMT-0500 (Central Daylight Time),459442.1999999285,046_o_m_n_a.png,O,z,1412,5,1,2195.7999999523163,457246.39999997616,7023,NNB,A,3
3,prac,2,1.0,2-Back,0,z,Wed Oct 02 2024 11:23:11 GMT-0500 (Central Daylight Time),462258.0,047_o_f_n_a.png,O,None,2013,6,1,2780.7000000476837,459477.2999999523,7023,NNB,A,4
4,prac,2,0.0,2-Back,1,m,Wed Oct 02 2024 11:23:11 GMT-0500 (Central Daylight Time),464407.1999999285,045_m_m_n_a.png,O,m,1282,7,1,2111.2999999523163,462295.89999997616,7023,NNB,A,5
5,prac,2,0.0,2-Back,1,m,Wed Oct 02 2024 11:23:11 GMT-0500 (Central Daylight Time),466373.2999999523,053_o_m_n_a.png,O,m,1111,8,1,1939.5,464433.7999999523,7023,NNB,A,6
6,prac,2,0.0,2-Back,1,m,Wed Oct 02 2024 11:23:11 GMT-0500 (Central Daylight Time),468172.6999999285,010_y_f_n_a.png,O,m,901,9,1,1764.2999999523163,466408.39999997616,7023,NNB,A,7
7,prac,2,1.0,2-Back,1,z,Wed Oct 02 2024 11:23:11 GMT-0500 (Central Daylight Time),470288.6999999285,053_o_m_n_a.png,O,z,1300,10,1,2080.7999999523163,468207.89999997616,7023,NNB,A,8
8,prac,2,0.0,2-Back,1,m,Wed Oct 02 2024 11:23:11 GMT-0500 (Central Daylight Time),472088.09999990463,063_y_f_n_a.png,O,m,943,11,1,1773.2999999523163,470314.7999999523,7023,NNB,A,9
9,prac,2,0.0,2-Back,1,m,Wed Oct 02 2024 11:23:11 GMT-0500 (Central Daylight Time),473937.39999997616,045_m_m_n_a.png,O,m,1049,12,1,1822.8000000715256,472114.59999990463,7023,NNB,A,10
0,test,1,0.0,2-Back,,,Wed Oct 02 2024 11:23:11 GMT-0500 (Central Daylight Time),473937.39999997616,041_y_m_n_a.png,O,space,3484,1,1,1822.8000000715256,472114.59999990463,7023,NNB,A,0
0,test,1,0.0,2-Back,,,Wed Oct 02 2024 11:23:11 GMT-0500 (Central Daylight Time),473937.39999997616,041_y_m_n_a.png,O,space,3484,2,1,1822.8000000715256,472114.59999990463,7023,NNB,A,0
1,test,1,0.0,2-Back,1,m,Wed Oct 02 2024 11:23:11 GMT-0500 (Central Daylight Time),494946.7999999523,047_o_f_n_a.png,O,m,1200,3,1,2224.5,492722.2999999523,7023,NNB,A,1
2,test,1,0.0,2-Back,1,m,Wed Oct 02 2024 11:23:11 GMT-0500 (Central Daylight Time),496963.1999999285,058_m_m_n_a.png,O,m,992,4,1,2003.1000000238419,494960.09999990463,7023,NNB,A,2
3,test,1,1.0,2-Back,1,z,Wed Oct 02 2024 11:23:11 GMT-0500 (Central Daylight Time),499445.7999999523,047_o_f_n_a.png,O,z,1423,5,1,2450.899999976158,496994.89999997616,7023,NNB,A,3
4,test,1,0.0,2-Back,1,m,Wed Oct 02 2024 11:23:11 GMT-0500 (Central Daylight Time),501411.6999999285,063_y_f_n_a.png,O,m,925,6,1,1939.2999999523163,499472.39999997616,7023,NNB,A,4
4,test,1,0.0,2-Back,0,m,Wed Oct 02 2024 11:23:11 GMT-0500 (Central Daylight Time),503960.6999999285,058_m_m_n_a.png,O,z,1511,7,1,2518.5,501442.1999999285,7023,NNB,A,5
4,test,1,1.0,2-Back,0,z,Wed Oct 02 2024 11:23:11 GMT-0500 (Central Daylight Time),506326.39999997616,063_y_f_n_a.png,O,m,1322,8,1,2343.7000000476837,503982.6999999285,7023,NNB,A,6
5,test,1,0.0,2-Back,1,m,Wed Oct 02 2024 11:23:11 GMT-0500 (Central Daylight Time),508692.89999997616,008_y_m_n_a.png,O,m,1348,9,1,2351.399999976158,506341.5,7023,NNB,A,7
6,test,1,0.0,2-Back,1,m,Wed Oct 02 2024 11:23:11 GMT-0500 (Central Daylight Time),510691.7999999523,044_o_f_n_a.png,O,m,933,10,1,1967.2999999523163,508724.5,7023,NNB,A,8
7,test,1,1.0,2-Back,1,z,Wed Oct 02 2024 11:23:11 GMT-0500 (Central Daylight Time),512807.7999999523,008_y_m_n_a.png,O,z,1071,11,1,2088.2999999523163,510719.5,7023,NNB,A,9
8,test,1,0.0,2-Back,1,m,Wed Oct 02 2024 11:23:11 GMT-0500 (Central Daylight Time),514890.5,043_m_f_n_a.png,O,m,1034,12,1,2063.4000000953674,512827.09999990463,7023,NNB,A,10
9,test,1,0.0,2-Back,1,m,Wed Oct 02 2024 11:23:11 GMT-0500 (Central Daylight Time),517589.6999999285,043_m_f_n_a.png,O,m,1657,13,1,2671.0,514918.6999999285,7023,NNB,A,11
10,test,1,0.0,2-Back,1,m,Wed Oct 02 2024 11:23:11 GMT-0500 (Central Daylight Time),519572.2999999523,046_o_m_n_a.png,O,m,941,14,1,1953.2000000476837,517619.09999990463,7023,NNB,A,12
11,test,1,0.0,2-Back,1,m,Wed Oct 02 2024 11:23:11 GMT-0500 (Central Daylight Time),521688.2999999523,044_o_f_n_a.png,O,m,1070,15,1,2089.2999999523163,519599.0,7023,NNB,A,13
12,test,1,1.0,2-Back,1,z,Wed Oct 02 2024 11:23:11 GMT-0500 (Central Daylight Time),523721.09999990463,046_o_m_n_a.png,O,z,994,16,1,2002.0999999046326,521719.0,7023,NNB,A,14
13,test,1,0.0,2-Back,1,m,Wed Oct 02 2024 11:23:11 GMT-0500 (Central Daylight Time),525687.1999999285,050_m_f_n_a.png,O,m,921,17,1,1943.1000000238419,523744.09999990463,7023,NNB,A,15
14,test,1,0.0,2-Back,1,m,Wed Oct 02 2024 11:23:11 GMT-0500 (Central Daylight Time),527753.0,045_m_m_n_a.png,O,m,1019,18,1,2035.7000000476837,525717.2999999523,7023,NNB,A,16
0,test,2,0.0,2-Back,,,Wed Oct 02 2024 11:23:11 GMT-0500 (Central Daylight Time),527753.0,045_m_m_n_a.png,O,space,1529,1,1,2035.7000000476837,525717.2999999523,7023,NNB,A,0
0,test,2,0.0,2-Back,,,Wed Oct 02 2024 11:23:11 GMT-0500 (Central Daylight Time),527753.0,010_y_f_n_a.png,O,space,1529,2,1,2035.7000000476837,525717.2999999523,7023,NNB,A,0
1,test,2,1.0,2-Back,1,z,Wed Oct 02 2024 11:23:11 GMT-0500 (Central Daylight Time),536600.0,045_m_m_n_a.png,O,z,1124,3,1,2134.0,534466.0,7023,NNB,A,1
2,test,2,0.0,2-Back,1,m,Wed Oct 02 2024 11:23:11 GMT-0500 (Central Daylight Time),538799.5,050_m_f_n_a.png,O,m,1138,4,1,2167.2000000476837,536632.2999999523,7023,NNB,A,2
2,test,2,0.0,2-Back,0,m,Wed Oct 02 2024 11:23:11 GMT-0500 (Central Daylight Time),540998.5999999046,010_y_f_n_a.png,O,z,1163,5,1,2171.0,538827.5999999046,7023,NNB,A,3
3,test,2,0.0,2-Back,1,m,Wed Oct 02 2024 11:23:11 GMT-0500 (Central Daylight Time),543081.1999999285,046_o_m_n_a.png,O,m,1044,6,1,2059.0,541022.1999999285,7023,NNB,A,4
3,test,2,0.0,2-Back,0,m,Wed Oct 02 2024 11:23:11 GMT-0500 (Central Daylight Time),545530.5999999046,063_y_f_n_a.png,O,z,1384,7,1,2417.5,543113.0999999046,7023,NNB,A,5
4,test,2,1.0,2-Back,1,z,Wed Oct 02 2024 11:23:11 GMT-0500 (Central Daylight Time),548079.5,046_o_m_n_a.png,O,z,1488,8,1,2516.7000000476837,545562.7999999523,7023,NNB,A,6
5,test,2,0.0,2-Back,1,m,Wed Oct 02 2024 11:23:11 GMT-0500 (Central Daylight Time),550061.6999999285,008_y_m_n_a.png,O,m,929,9,1,1948.3999999761581,548113.2999999523,7023,NNB,A,7
6,test,2,0.0,2-Back,1,m,Wed Oct 02 2024 11:23:11 GMT-0500 (Central Daylight Time),552661.6999999285,008_y_m_n_a.png,O,m,1573,10,1,2590.600000023842,550071.0999999046,7023,NNB,A,8
7,test,2,0.0,2-Back,1,m,Wed Oct 02 2024 11:23:11 GMT-0500 (Central Daylight Time),555027.3999999762,043_m_f_n_a.png,O,m,1317,11,1,2338.600000023842,552688.7999999523,7023,NNB,A,9
8,test,2,0.0,2-Back,1,m,Wed Oct 02 2024 11:23:11 GMT-0500 (Central Daylight Time),557826.2999999523,010_y_f_n_a.png,O,m,1759,12,1,2769.399999976158,555056.8999999762,7023,NNB,A,10
9,test,2,1.0,2-Back,1,z,Wed Oct 02 2024 11:23:11 GMT-0500 (Central Daylight Time),560192.3999999762,043_m_f_n_a.png,O,z,1320,13,1,2341.0,557851.3999999762,7023,NNB,A,11
10,test,2,0.0,2-Back,1,m,Wed Oct 02 2024 11:23:11 GMT-0500 (Central Daylight Time),562158.0999999046,053_o_m_n_a.png,O,m,930,14,1,1937.5,560220.5999999046,7023,NNB,A,12
11,test,2,0.0,2-Back,1,m,Wed Oct 02 2024 11:23:11 GMT-0500 (Central Daylight Time),564840.7999999523,053_o_m_n_a.png,O,m,1577,15,1,2592.2999999523163,562248.5,7023,NNB,A,13
12,test,2,0.0,2-Back,1,m,Wed Oct 02 2024 11:23:11 GMT-0500 (Central Daylight Time),567122.8999999762,044_o_f_n_a.png,O,m,1233,16,1,2252.899999976158,564870.0,7023,NNB,A,14
13,test,2,0.0,2-Back,1,m,Wed Oct 02 2024 11:23:11 GMT-0500 (Central Daylight Time),569139.5,058_m_m_n_a.png,O,m,984,17,1,2007.2000000476837,567132.2999999523,7023,NNB,A,15
14,test,2,1.0,2-Back,1,z,Wed Oct 02 2024 11:23:11 GMT-0500 (Central Daylight Time),571455.1999999285,044_o_f_n_a.png,O,z,1279,18,1,2292.6999999284744,569162.5,7023,NNB,A,16
0,test,3,1.0,2-Back,,,Wed Oct 02 2024 11:23:11 GMT-0500 (Central Daylight Time),571455.1999999285,041_y_m_n_a.png,O,space,1260,1,1,2292.6999999284744,569162.5,7023,NNB,A,0
0,test,3,1.0,2-Back,,,Wed Oct 02 2024 11:23:11 GMT-0500 (Central Daylight Time),571455.1999999285,041_y_m_n_a.png,O,space,1260,2,1,2292.6999999284744,569162.5,7023,NNB,A,0
1,test,3,0.0,2-Back,1,m,Wed Oct 02 2024 11:23:11 GMT-0500 (Central Daylight Time),579802.5999999046,044_o_f_n_a.png,O,m,918,3,1,1944.1999999284744,577858.3999999762,7023,NNB,A,1
2,test,3,0.0,2-Back,1,m,Wed Oct 02 2024 11:23:11 GMT-0500 (Central Daylight Time),581784.7999999523,045_m_m_n_a.png,O,m,918,4,1,1948.3999999761581,579836.3999999762,7023,NNB,A,2
3,test,3,1.0,2-Back,1,z,Wed Oct 02 2024 11:23:11 GMT-0500 (Central Daylight Time),583801.1999999285,044_o_f_n_a.png,O,z,995,5,1,2006.6000000238419,581794.5999999046,7023,NNB,A,3
3,test,3,0.0,2-Back,0,m,Wed Oct 02 2024 11:23:11 GMT-0500 (Central Daylight Time),586800.2999999523,008_y_m_n_a.png,O,z,1920,6,1,2942.2000000476837,583858.0999999046,7023,NNB,A,4
4,test,3,0.0,2-Back,1,m,Wed Oct 02 2024 11:23:11 GMT-0500 (Central Daylight Time),589282.8999999762,045_m_m_n_a.png,O,m,1434,7,1,2453.899999976158,586829.0,7023,NNB,A,5
5,test,3,1.0,2-Back,1,z,Wed Oct 02 2024 11:23:11 GMT-0500 (Central Daylight Time),591798.3999999762,008_y_m_n_a.png,O,z,1455,8,1,2483.399999976158,589315.0,7023,NNB,A,6
6,test,3,0.0,2-Back,1,m,Wed Oct 02 2024 11:23:11 GMT-0500 (Central Daylight Time),593631.3999999762,010_y_f_n_a.png,O,m,797,9,1,1814.8999999761581,591816.5,7023,NNB,A,7
7,test,3,0.0,2-Back,1,m,Wed Oct 02 2024 11:23:11 GMT-0500 (Central Daylight Time),595664.0999999046,058_m_m_n_a.png,O,m,978,10,1,1998.8999999761581,593665.1999999285,7023,NNB,A,8
8,test,3,1.0,2-Back,1,z,Wed Oct 02 2024 11:23:11 GMT-0500 (Central Daylight Time),597780.0999999046,010_y_f_n_a.png,O,z,1058,11,1,2084.1999999284744,595695.8999999762,7023,NNB,A,9
9,test,3,1.0,2-Back,1,z,Wed Oct 02 2024 11:23:11 GMT-0500 (Central Daylight Time),600728.8999999762,058_m_m_n_a.png,O,z,1902,12,1,2919.5,597809.3999999762,7023,NNB,A,10
10,test,3,0.0,2-Back,1,m,Wed Oct 02 2024 11:23:11 GMT-0500 (Central Daylight Time),602811.7999999523,044_o_f_n_a.png,O,m,1017,13,1,2051.0,600760.7999999523,7023,NNB,A,11
11,test,3,0.0,2-Back,1,m,Wed Oct 02 2024 11:23:11 GMT-0500 (Central Daylight Time),604977.5999999046,050_m_f_n_a.png,O,m,1127,14,1,2140.0999999046326,602837.5,7023,NNB,A,12
12,test,3,0.0,2-Back,1,m,Wed Oct 02 2024 11:23:11 GMT-0500 (Central Daylight Time),607093.5,046_o_m_n_a.png,O,m,1081,15,1,2089.8000000715256,605003.6999999285,7023,NNB,A,13
13,test,3,1.0,2-Back,1,z,Wed Oct 02 2024 11:23:11 GMT-0500 (Central Daylight Time),609193.0,050_m_f_n_a.png,O,z,1053,16,1,2069.600000023842,607123.3999999762,7023,NNB,A,14
14,test,3,0.0,2-Back,1,m,Wed Oct 02 2024 11:23:11 GMT-0500 (Central Daylight Time),611442.1999999285,047_o_f_n_a.png,O,m,1209,17,1,2219.5,609222.6999999285,7023,NNB,A,15
15,test,3,0.0,2-Back,1,m,Wed Oct 02 2024 11:23:11 GMT-0500 (Central Daylight Time),613624.7999999523,047_o_f_n_a.png,O,m,1145,18,1,2152.2000000476837,611472.5999999046,7023,NNB,A,16
0,test,4,0.0,2-Back,,,Wed Oct 02 2024 11:23:11 GMT-0500 (Central Daylight Time),613624.7999999523,053_o_m_n_a.png,O,space,969,1,1,2152.2000000476837,611472.5999999046,7023,NNB,A,0
0,test,4,0.0,2-Back,,,Wed Oct 02 2024 11:23:11 GMT-0500 (Central Daylight Time),613624.7999999523,063_y_f_n_a.png,O,space,969,2,1,2152.2000000476837,611472.5999999046,7023,NNB,A,0
1,test,4,1.0,2-Back,1,z,Wed Oct 02 2024 11:23:11 GMT-0500 (Central Daylight Time),622638.5999999046,053_o_m_n_a.png,O,z,1781,3,1,2790.5999999046326,619848.0,7023,NNB,A,1
1,test,4,1.0,2-Back,0,z,Wed Oct 02 2024 11:23:11 GMT-0500 (Central Daylight Time),624454.5999999046,063_y_f_n_a.png,O,m,773,4,1,1788.5,622666.0999999046,7023,NNB,A,2
2,test,4,0.0,2-Back,1,m,Wed Oct 02 2024 11:23:11 GMT-0500 (Central Daylight Time),626486.7999999523,044_o_f_n_a.png,O,m,978,5,1,2000.1000000238419,624486.6999999285,7023,NNB,A,3
2,test,4,0.0,2-Back,0,m,Wed Oct 02 2024 11:23:11 GMT-0500 (Central Daylight Time),628736.5,044_o_f_n_a.png,O,z,1211,6,1,2232.100000023842,626504.3999999762,7023,NNB,A,4
3,test,4,0.0,2-Back,1,m,Wed Oct 02 2024 11:23:11 GMT-0500 (Central Daylight Time),630885.1999999285,043_m_f_n_a.png,O,m,1113,7,1,2124.1999999284744,628761.0,7023,NNB,A,5
4,test,4,0.0,2-Back,1,m,Wed Oct 02 2024 11:23:11 GMT-0500 (Central Daylight Time),632801.8999999762,008_y_m_n_a.png,O,m,895,8,1,1907.1000000238419,630894.7999999523,7023,NNB,A,6
5,test,4,1.0,2-Back,1,z,Wed Oct 02 2024 11:23:11 GMT-0500 (Central Daylight Time),635200.6999999285,043_m_f_n_a.png,O,z,1345,9,1,2367.7999999523163,632832.8999999762,7023,NNB,A,7
6,test,4,0.0,2-Back,1,m,Wed Oct 02 2024 11:23:11 GMT-0500 (Central Daylight Time),637350.1999999285,058_m_m_n_a.png,O,m,1106,10,1,2130.399999976158,635219.7999999523,7023,NNB,A,8
7,test,4,0.0,2-Back,1,m,Wed Oct 02 2024 11:23:11 GMT-0500 (Central Daylight Time),639765.7999999523,008_y_m_n_a.png,O,m,1364,11,1,2381.600000023842,637384.1999999285,7023,NNB,A,9
8,test,4,0.0,2-Back,1,m,Wed Oct 02 2024 11:23:11 GMT-0500 (Central Daylight Time),641698.3999999762,047_o_f_n_a.png,O,m,883,12,1,1907.7000000476837,639790.6999999285,7023,NNB,A,10
9,test,4,0.0,2-Back,1,m,Wed Oct 02 2024 11:23:11 GMT-0500 (Central Daylight Time),643547.5999999046,041_y_m_n_a.png,O,m,824,13,1,1840.0999999046326,641707.5,7023,NNB,A,11
10,test,4,1.0,2-Back,1,z,Wed Oct 02 2024 11:23:11 GMT-0500 (Central Daylight Time),645964.0999999046,047_o_f_n_a.png,O,z,1383,14,1,2405.5,643558.5999999046,7023,NNB,A,12
11,test,4,1.0,2-Back,1,z,Wed Oct 02 2024 11:23:11 GMT-0500 (Central Daylight Time),648563.3999999762,041_y_m_n_a.png,O,z,1541,15,1,2567.100000023842,645996.2999999523,7023,NNB,A,13
12,test,4,0.0,2-Back,1,m,Wed Oct 02 2024 11:23:11 GMT-0500 (Central Daylight Time),650612.0,045_m_m_n_a.png,O,m,1014,16,1,2022.9000000953674,648589.0999999046,7023,NNB,A,14
13,test,4,0.0,2-Back,1,m,Wed Oct 02 2024 11:23:11 GMT-0500 (Central Daylight Time),652595.3999999762,050_m_f_n_a.png,O,m,959,17,1,1974.1000000238419,650621.2999999523,7023,NNB,A,15
14,test,4,1.0,2-Back,1,z,Wed Oct 02 2024 11:23:11 GMT-0500 (Central Daylight Time),654777.8999999762,045_m_m_n_a.png,O,z,1120,18,1,2149.899999976158,652628.0,7023,NNB,A,16
0,test,5,1.0,2-Back,,,Wed Oct 02 2024 11:23:11 GMT-0500 (Central Daylight Time),654777.8999999762,041_y_m_n_a.png,O,space,911,1,1,2149.899999976158,652628.0,7023,NNB,A,0
0,test,5,1.0,2-Back,,,Wed Oct 02 2024 11:23:11 GMT-0500 (Central Daylight Time),654777.8999999762,050_m_f_n_a.png,O,space,911,2,1,2149.899999976158,652628.0,7023,NNB,A,0
0,test,5,1.0,2-Back,0,z,Wed Oct 02 2024 11:23:11 GMT-0500 (Central Daylight Time),662942.0,041_y_m_n_a.png,O,m,1073,3,1,2101.100000023842,660840.8999999762,7023,NNB,A,1
1,test,5,1.0,2-Back,1,z,Wed Oct 02 2024 11:23:11 GMT-0500 (Central Daylight Time),665291.0999999046,050_m_f_n_a.png,O,z,1310,4,1,2327.2999999523163,662963.7999999523,7023,NNB,A,2
2,test,5,0.0,2-Back,1,m,Wed Oct 02 2024 11:23:11 GMT-0500 (Central Daylight Time),668256.8999999762,047_o_f_n_a.png,O,m,1927,5,1,2934.5,665322.3999999762,7023,NNB,A,3
2,test,5,0.0,2-Back,0,m,Wed Oct 02 2024 11:23:11 GMT-0500 (Central Daylight Time),670956.0,041_y_m_n_a.png,O,z,1633,6,1,2663.5,668292.5,7023,NNB,A,4
3,test,5,0.0,2-Back,1,m,Wed Oct 02 2024 11:23:11 GMT-0500 (Central Daylight Time),672971.8999999762,010_y_f_n_a.png,O,m,958,7,1,1983.1000000238419,670988.7999999523,7023,NNB,A,5
4,test,5,0.0,2-Back,1,m,Wed Oct 02 2024 11:23:11 GMT-0500 (Central Daylight Time),675653.6999999285,047_o_f_n_a.png,O,m,1616,8,1,2650.0,673003.6999999285,7023,NNB,A,6
5,test,5,1.0,2-Back,1,z,Wed Oct 02 2024 11:23:11 GMT-0500 (Central Daylight Time),678137.0999999046,010_y_f_n_a.png,O,z,1454,9,1,2474.0,675663.0999999046,7023,NNB,A,7
6,test,5,0.0,2-Back,1,m,Wed Oct 02 2024 11:23:11 GMT-0500 (Central Daylight Time),680202.8999999762,046_o_m_n_a.png,O,m,1025,10,1,2038.3000000715256,678164.5999999046,7023,NNB,A,8
7,test,5,0.0,2-Back,1,m,Wed Oct 02 2024 11:23:11 GMT-0500 (Central Daylight Time),682352.2999999523,043_m_f_n_a.png,O,m,1111,11,1,2118.7000000476837,680233.5999999046,7023,NNB,A,9
8,test,5,0.0,2-Back,1,m,Wed Oct 02 2024 11:23:11 GMT-0500 (Central Daylight Time),684268.1999999285,058_m_m_n_a.png,O,m,858,12,1,1883.1999999284744,682385.0,7023,NNB,A,10
9,test,5,0.0,2-Back,1,m,Wed Oct 02 2024 11:23:11 GMT-0500 (Central Daylight Time),686417.6999999285,046_o_m_n_a.png,O,m,1085,13,1,2116.2999999523163,684301.3999999762,7023,NNB,A,11
10,test,5,1.0,2-Back,1,z,Wed Oct 02 2024 11:23:11 GMT-0500 (Central Daylight Time),688499.6999999285,058_m_m_n_a.png,O,z,1041,14,1,2053.1999999284744,686446.5,7023,NNB,A,12
11,test,5,0.0,2-Back,1,m,Wed Oct 02 2024 11:23:11 GMT-0500 (Central Daylight Time),691116.0,063_y_f_n_a.png,O,m,1591,15,1,2606.100000023842,688509.8999999762,7023,NNB,A,13
12,test,5,0.0,2-Back,1,m,Wed Oct 02 2024 11:23:11 GMT-0500 (Central Daylight Time),693165.3999999762,053_o_m_n_a.png,O,m,1000,16,1,2017.0,691148.3999999762,7023,NNB,A,14
13,test,5,0.0,2-Back,1,m,Wed Oct 02 2024 11:23:11 GMT-0500 (Central Daylight Time),695481.3999999762,043_m_f_n_a.png,O,m,1270,17,1,2287.100000023842,693194.2999999523,7023,NNB,A,15
14,test,5,1.0,2-Back,1,z,Wed Oct 02 2024 11:23:11 GMT-0500 (Central Daylight Time),697713.8999999762,053_o_m_n_a.png,O,z,1169,18,1,2198.100000023842,695515.7999999523,7023,NNB,A,16
